model 002 i 0 j 1
estimated_transform :  [[ 0.23518069 -0.0605689   0.9700626   0.59827954]
 [-0.89845777  0.3671709   0.24074659  1.5542569 ]
 [-0.3707605  -0.92817944  0.03193305  0.6589498 ]
 [ 0.          0.          0.          1.        ]]
Actual rotation :  [[-0.72100132  0.19757917 -0.66416833]
 [ 0.253515   -0.81682267 -0.51819964]
 [-0.6448932  -0.54199926  0.53884094]]
Actual translation :  [1.49731921 0.86758808 0.78433351]
Predicted rotation :  [[ 0.23518069 -0.0605689   0.9700626 ]
 [-0.89845777  0.3671709   0.24074659]
 [-0.3707605  -0.92817944  0.03193305]]
Predicted translation :  [0.59827954 1.5542569  0.6589498 ]
Relative Rotation Error :  2.604967748604438
Relative Translation Error :  1.138203631126619
strict inlier ratio threshold :  0.01
relaxed inlier ratio threshold :  0.03
RMSE :  0.13890446622005692
Strict IR :  0.00040899795501022495
Relaxed IR :  0.010224948875255624
model 042 i 0 j 1
estimated_transform :  [[ 0.85271204  0.5123062  -0.10210064 -0.17827827]
 [-0.22444247  0.18281132 -0.95718634  1.2507112 ]
 [-0.47170734  0.83912003  0.2708687   0.8848727 ]
 [ 0.          0.          0.          1.        ]]
Actual rotation :  [[ 0.77604838  0.62888338 -0.04748266]
 [ 0.31818631 -0.32541498  0.8904283 ]
 [ 0.54452399 -0.70612378 -0.45263985]]
Actual translation :  [-0.19578607  0.27815696  0.64648693]
Predicted rotation :  [[ 0.85271204  0.5123062  -0.10210064]
 [-0.22444247  0.18281132 -0.95718634]
 [-0.47170734  0.83912003  0.2708687 ]]
Predicted translation :  [-0.17827827  1.2507112   0.8848727 ]
Relative Rotation Error :  2.9580861001903527
Relative Translation Error :  1.0014969056522778
strict inlier ratio threshold :  0.01
relaxed inlier ratio threshold :  0.03
RMSE :  0.14238729004523823
Strict IR :  0.0
Relaxed IR :  0.0010584250635055038
model 085 i 0 j 1
estimated_transform :  [[-0.27161676  0.5116225   0.81514835 -0.38082075]
 [-0.4574268   0.6765752  -0.57706773  0.8579923 ]
 [-0.8467499  -0.5296117   0.05026081  0.9636669 ]
 [ 0.          0.          0.          1.        ]]
Actual rotation :  [[ 0.62309055  0.76764504 -0.14993086]
 [ 0.39456846 -0.14298754  0.90767301]
 [ 0.67533244 -0.62472046 -0.39198271]]
Actual translation :  [-0.1258871  -0.82602395  0.43519561]
Predicted rotation :  [[-0.27161676  0.5116225   0.81514835]
 [-0.4574268   0.6765752  -0.57706773]
 [-0.8467499  -0.5296117   0.05026081]]
Predicted translation :  [-0.38082075  0.8579923   0.9636669 ]
Relative Rotation Error :  2.942290224385068
Relative Translation Error :  1.7833069806696868
strict inlier ratio threshold :  0.01
relaxed inlier ratio threshold :  0.03
RMSE :  0.15046407978239615
Strict IR :  0.003865979381443299
Relaxed IR :  0.03479381443298969
model 126 i 0 j 1
estimated_transform :  [[ 0.15299203  0.75487804 -0.63777137  0.16928601]
 [-0.62307274  0.57461464  0.53065836  0.776314  ]
 [ 0.76705515  0.31619143  0.5582556  -0.31929088]
 [ 0.          0.          0.          1.        ]]
Actual rotation :  [[-0.22957138  0.09752936  0.968393  ]
 [ 0.82843609  0.54182999  0.1418235 ]
 [-0.51087242  0.83481033 -0.2051855 ]]
Actual translation :  [-0.25784987 -0.18299676  1.01717296]
Predicted rotation :  [[ 0.15299203  0.75487804 -0.63777137]
 [-0.62307274  0.57461464  0.53065836]
 [ 0.76705515  0.31619143  0.5582556 ]]
Predicted translation :  [ 0.16928601  0.776314   -0.31929088]
Relative Rotation Error :  2.9200954098328356
Relative Translation Error :  1.6996640324174164
strict inlier ratio threshold :  0.01
relaxed inlier ratio threshold :  0.03
RMSE :  0.1916687323553725
Strict IR :  0.0006686726847208291
Relaxed IR :  0.01354062186559679
model 167 i 0 j 1
estimated_transform :  [[-0.94283473 -0.2936547  -0.15757442  1.5500187 ]
 [-0.26454097  0.9470387  -0.18203421  1.101817  ]
 [ 0.20268415 -0.12994325 -0.97058433  1.0695913 ]
 [ 0.          0.          0.          1.        ]]
Actual rotation :  [[-0.93663582  0.31762455 -0.14774298]
 [-0.33643314 -0.69811809  0.63201573]
 [ 0.09760167  0.6416742   0.76074183]]
Actual translation :  [ 1.39406826  0.65549133 -0.56094614]
Predicted rotation :  [[-0.94283473 -0.2936547  -0.15757442]
 [-0.26454097  0.9470387  -0.18203421]
 [ 0.20268415 -0.12994325 -0.97058433]]
Predicted translation :  [1.5500187 1.101817  1.0695913]
Relative Rotation Error :  2.564454032294493
Relative Translation Error :  1.6976982717973934
strict inlier ratio threshold :  0.01
relaxed inlier ratio threshold :  0.03
RMSE :  0.10520069229240514
Strict IR :  0.0
Relaxed IR :  0.0
model 207 i 0 j 1
estimated_transform :  [[-0.8325563   0.37450778  0.40816003  0.8669714 ]
 [-0.52675825 -0.30727026 -0.7925344   1.5510137 ]
 [-0.17139469 -0.8748311   0.4530948   0.32290718]
 [ 0.          0.          0.          1.        ]]
Actual rotation :  [[ 0.73275637  0.1374364   0.66646781]
 [ 0.60033779 -0.59170884 -0.53802899]
 [ 0.32041012  0.79434998 -0.51608669]]
Actual translation :  [0.26170502 1.10936721 0.50044207]
Predicted rotation :  [[-0.8325563   0.37450778  0.40816003]
 [-0.52675825 -0.30727026 -0.7925344 ]
 [-0.17139469 -0.8748311   0.4530948 ]]
Predicted translation :  [0.8669714  1.5510137  0.32290718]
Relative Rotation Error :  2.993983673481312
Relative Translation Error :  0.7700114480135282
strict inlier ratio threshold :  0.01
relaxed inlier ratio threshold :  0.03
RMSE :  0.09410108764528613
Strict IR :  0.0
Relaxed IR :  0.022795698924731184
